340
570
604
1358
1469
1484
1619
1764
1862
2155
2420
2566
2800
2888
3001
3289
3335
3408
3643
3714
4490
4508
4868
5161
5199
5228
5745
6273
6841
7863
9147
9387
11642
11955
12003
12435
12682
13333
13612
13774
13948
14281
14620
14676
15030
15033
15166
15170
16864
16999
17939
17950
18133
18147
18279
18525
18533
18554
18870
18875
19056
19286
19567
20327
20328
20645
20722
20942
20991
21176
21709
22004
22481
22780
22910
23040
23073
23080
23241
23253
23348
23439
23504
23662
23732
23787
25854
26816
27230
27461
27889
27891
28427
28745
28779
29303
29442
29461
29478
29489
29592
29614
30011
30019
30035
31166
35334
39828
40283
40911
41717
41977
42063
42705
43400
43845
45162
46018
46834
47673
47695
48273
48990
50567
52314
52345
52965
53132
53657
54140
54587
55251
55515
55735
55771
56075
56612
56681
57548
58120
58318
58714
59799
60344
60748
61230
61287
61541
62897
62936
64328
64980
65169
65190
65451
65879
66234
66350
66854
67115
67307
67309
67313
67348
67389
67493
67496
68005
68934
68936
69353
70676
71182
71461
71561
72171
72365
72369
73004
73087
73763
73823
74236
74489
74655
74726
74741
74754
75203
75313
75473
75483
75551
75746
75803
75809
76210
76486
76495
77279
77503
77661
77902
78786
79008
79080
79460
79695
79702
79938
79955
79982
80376
80561
80914
82132
82263
82392
82669
82679
82718
83419
83617
84125
84567
85156
85277
85627
85720
85780
86087
86419
86509
86565
86950
87084
87181
87227
87415
87493