836
1
4469
2
1
1
5
2
1
1
14
1
37
62
12
6
11
1
1
1
1
63
9
12
17
1
47
43
6
21
56
15
1
8
6
1
38
38003
3
347
9
8
8
600
7
51
16
31
1
41
3
15847
5
1
2
21
19
1
10
3
1
1
13
249
2072
45
9818
4
12
11
89
5
8
251
16280
24
176
13
621
85993
1
817
1787
465
12
5
1298
2
49
1
7
17667
35644
226
202
1
1124
2
8
2
109
34
1
18
17
52
3
165
1
21
14
16817
4
2
2
15
64
1
1
55
2
28
6
21
13
3
40
23
4
1
88
4
30
17
75
32
2
1
66
19
45
9
8
1
318
286
58
51
11280
4
1493
1
1
1289
1
6
1
19
1
1
2
29
3
1
1
13
10154
3
8
3685
9625
491
1270
124
1
244
1547
1
91
177
123
1519
1
124
123
123
9015
26443
29
1
1
68
56
4
1
17
1
1
1
1
10398
5
2
45
24
135
2
5
148
3
193
16408
1
128
303
1
30974
3026
18649
35
2
1
1
1489
3593
9
8322
186
30
187
1
1
3
1
435
2483
4157
83
10
241
11
19
1
15155
79
1
99
22
1
16
79
3
25
15
1
2
47120
1
17
98
1
112
14
217
12
16
3
93
14
2
14
120
3
161
123
19
297
5
2
239
2806
88
5
1
549
14385
34
29
24692
13447
7614
4
65
3
11
111
12
30
23
116
2
1
79
22
27
4
5
16
24
46
5
7
1
3
1
63
1
12
120
