105
15
25
55
295
30
90
275
185
45
70
95
10
70
45
25
75
115
75
40
120
80
30
55
75
45
15
105
10
70
120
145
80
35
35
20
10
75
60
130
75
165
30
255
55
140
180
70
275
140
20
5
470
365
25
35
55
190
105
245
190
190
5
30
65
30
5
80
25
50
80
30
30
30
30
55
220
25
45
20
135
250
125
125
40
5
350
20
40
80
190
40
160
195
290
280
370
75
35
130
125
5
85
320
305
75
130
15
25
170
35
50
45
10
150
35
60
5
80
70
245
35
55
175
605
85
5
175
225
35
465
20
480
70
690
75
5
25
115
155
25
25
145
5
370
150
45
10
95
235
5
255
60
60
215
160
45
100
15
25
65
75
25
40
20
45
50
50
130
35
340
75
5
135
25
15
200
20
105
145
120
40
115
50
95
100
130
30
200
255
75
550
80
390
20
135
175
355
75
145
20
5
140
105
45
85
45
85
75
31
250
35
195
140
100
170
80
325
20
335
50
255
130
35
355
55
235
10
190
20
215
55
115
70
40
560
250
125
90
60
10
75
60
40
190
110
80
200
290
25
35
140