28 
34 
14 
145 
19 
28 
23 
153 
18 
95 
25 
94 
11 
886 
16 
19 
15 
337 
26 
129 
162 
19 
203 
368 
401 
705 
20 
80 
21 
32 
17 
565 
237 
24 
214 
51 
79 
201 
149 
56 
517 
871 
12 
27 
10 
15 
13 
247 
726 
1198 
12 
69 
39 
16 
30 
18 
448 
50 
39 
1253 
228 
19 
159 
60
206 
129 
39 
130 
69 
25 
123 
57 
113 
25 
16 
76 
23 
61 
21 
347 
154 
46 
557 
22 
60 
18 
19 
18 
420 
93 
917 
24 
306 
12 
88 
66 
498 
581 
19 
29 
5 
12 
310 
119 
08 
12 
8 
47 
83 
73 
88 
18 
31 
8 
341 
30
26 
37 
413 
297 
176 
19 
138 
402 
101 
119 
110 
2